1	30429	301598	633000
2	8292	41891	43506
3	4058	14810	11365
4	2535	7817	5378
5	1746	4645	2913
6	1270	3197	1831
7	969	2179	1287
8	819	1801	1108
9	627	1319	654
10	548	1085	533
11	476	891	429
12	390	766	331
13	332	586	270
14	277	450	231
15	240	442	190
16	248	386	170
17	255	297	125
18	162	312	127
19	179	252	115
20	166	217	80
21	152	216	86
22	121	189	79
23	122	183	65
24	106	163	53
25	99	166	55
26	102	128	44
27	85	139	43
28	84	101	43
29	82	104	31
30	78	81	30
31	82	89	30
32	65	91	30
33	74	72	24
34	57	72	24
35	50	74	16
36	62	76	27
37	52	48	22
38	59	48	18
39	44	51	18
40	43	40	15
41	48	61	14
42	35	49	24
43	38	46	13
44	44	50	12
45	41	35	14
46	35	29	10
47	33	42	10
48	36	25	14
49	38	29	10
50	30	32	9
51	29	35	5
52	31	31	5
53	46	36	8
54	32	28	4
55	31	22	10
56	28	28	9
57	16	29	6
58	24	29	10
59	28	25	8
60	28	19	5
61	16	20	6
62	21	25	9
63	22	18	8
64	26	25	3
65	13	24	2
66	21	19	4
67	19	14	1
68	23	17	6
69	10	18	3
70	16	24	4
71	15	10	3
72	20	14	6
73	15	16	2
74	13	12	1
75	13	12	3
76	17	13	3
77	11	11	5
78	12	16	1
79	12	20	2
80	16	9	5
81	5	11	5
82	10	13	3
83	16	7	4
84	19	15	3
85	10	9	4
86	16	9	2
87	9	10	2
88	14	10	0
89	8	10	1
90	13	4	3
91	14	9	3
92	7	11	2
93	3	12	3
94	12	12	1
95	8	12	4
96	8	10	2
97	7	11	2
98	9	4	1
99	3	8	2
100	9	8	1
101	7	2	2
102	9	5	0
103	7	6	1
104	8	5	2
105	8	5	1
106	7	9	3
107	11	8	1
108	9	6	1
109	8	3	0
110	10	3	2
111	3	8	1
112	3	1	0
113	6	3	2
114	6	10	2
115	4	6	4
116	7	5	1
117	5	2	1
118	4	6	1
119	6	8	1
120	8	3	1
121	7	6	1
122	6	6	2
123	5	4	2
124	13	2	2
125	7	8	1
126	2	5	3
127	6	3	0
128	3	6	0
129	6	4	2
130	8	3	1
131	5	3	2
132	9	4	0
133	3	10	4
134	3	3	1
135	2	4	0
136	1	6	2
137	2	5	0
138	4	6	0
139	2	2	0
140	4	2	1
141	5	5	0
142	5	2	2
144	6	3	0
145	6	3	1
146	4	1	1
147	6	3	0
148	3	3	2
149	6	5	2
150	2	2	1
151	3	6	1
152	5	1	0
153	4	2	1
154	7	1	1
155	7	4	0
156	1	3	0
157	4	1	0
158	1	2	1
159	2	6	1
160	4	1	0
161	2	1	0
162	2	1	0
163	4	3	0
164	3	3	0
165	6	2	0
166	4	2	0
167	4	3	1
168	3	4	1
169	5	2	0
170	3	2	0
171	4	2	0
172	3	2	0
173	4	1	0
174	1	1	1
175	5	3	0
176	3	0	0
177	1	2	1
178	2	3	0
179	3	1	0
180	4	1	0
181	2	0	0
182	1	0	0
183	1	2	0
184	3	2	0
185	2	1	0
186	2	0	0
187	1	4	0
188	5	0	0
189	1	3	0
190	2	2	0
191	3	0	0
192	1	1	0
193	3	1	1
194	2	2	1
195	1	1	0
196	1	2	0
197	4	3	0
198	3	2	1
199	3	0	0
200	2	2	1
201	3	1	0
202	2	2	0
204	1	2	0
205	6	3	0
206	3	1	0
207	1	2	0
208	0	1	0
209	0	2	0
210	1	3	0
211	2	4	0
212	3	2	0
213	3	2	0
214	2	0	0
215	4	2	0
216	3	1	1
217	2	0	1
218	4	0	0
219	2	0	2
221	1	3	3
222	1	0	0
223	2	0	0
224	1	0	0
225	1	1	0
226	2	0	0
227	2	3	0
228	3	1	1
229	0	2	0
230	1	1	0
231	0	3	0
232	2	0	0
233	0	1	0
234	1	0	0
236	3	1	1
237	1	0	0
238	1	0	0
239	1	0	0
241	4	0	0
242	2	3	0
243	0	1	0
244	1	1	0
245	1	0	0
246	3	0	0
247	1	0	0
248	2	1	0
249	2	1	0
250	1	0	0
251	1	1	0
252	2	0	0
253	0	2	0
254	2	1	0
255	2	1	0
257	2	0	0
258	2	1	1
260	3	1	1
261	2	2	0
262	1	1	0
263	0	1	0
264	1	0	0
265	2	1	0
266	1	1	0
267	2	1	0
268	1	0	0
271	1	1	0
272	1	1	0
273	0	1	0
274	2	0	0
275	1	0	0
276	2	0	0
278	0	2	0
279	1	0	0
280	4	2	0
281	1	0	0
282	1	2	0
283	2	0	0
284	0	0	1
285	1	0	1
286	1	1	0
287	1	1	0
290	0	1	1
291	1	0	0
293	1	0	0
294	1	1	0
295	0	2	0
297	0	2	2
298	1	1	0
300	2	0	0
301	2	1	0
302	0	1	0
303	1	0	0
304	1	0	0
305	2	0	0
306	4	1	0
307	1	2	1
308	0	1	0
309	2	0	0
310	1	0	0
311	0	2	0
312	4	1	0
313	0	1	1
314	1	0	0
316	1	1	0
317	1	0	0
319	1	0	0
320	1	0	0
321	0	1	0
322	0	1	0
323	0	2	0
324	1	1	0
325	1	0	0
327	0	1	0
328	2	1	0
329	1	0	0
330	4	1	0
331	1	0	0
332	1	1	0
335	0	1	0
339	1	1	0
341	2	0	0
342	1	0	0
343	3	0	0
346	1	0	0
347	0	1	0
348	3	0	0
349	1	1	1
350	1	0	0
351	0	1	0
352	0	0	1
355	0	1	0
356	1	1	1
357	1	0	0
359	1	1	0
360	1	1	0
363	1	0	0
364	3	0	0
365	0	1	1
366	2	0	0
371	1	0	0
374	1	0	0
377	1	1	1
380	1	2	0
385	1	0	0
387	2	0	0
388	1	2	0
392	1	1	0
393	1	1	0
394	1	0	0
396	1	0	0
401	2	2	0
402	1	0	0
403	1	1	1
404	1	0	0
406	0	1	0
407	0	1	0
408	0	1	0
409	1	0	0
410	1	0	0
411	0	1	0
415	1	1	1
416	0	1	0
419	1	0	0
420	1	0	0
423	2	1	0
425	0	1	0
426	1	0	0
429	1	1	0
436	1	1	0
438	2	0	0
441	3	0	0
443	1	0	0
446	1	1	0
453	1	0	0
454	1	0	0
455	1	0	0
456	1	1	0
457	1	0	0
459	2	1	2
460	1	0	0
461	1	0	0
462	2	0	0
463	0	1	0
468	1	0	0
470	0	1	0
473	1	0	0
474	0	1	0
476	0	1	0
477	2	0	0
483	0	1	0
484	2	0	0
487	0	1	0
490	0	2	0
492	2	0	0
493	2	0	0
494	1	1	0
498	0	1	0
501	1	1	0
503	1	1	0
505	0	1	0
506	0	1	1
509	0	1	2
510	1	0	0
513	0	1	0
516	1	0	0
518	0	2	0
519	0	1	0
520	2	0	0
521	0	1	0
522	1	0	0
529	0	1	0
532	1	0	0
533	1	0	0
540	1	0	0
542	1	1	0
543	1	0	0
544	2	0	0
545	1	0	0
546	1	0	0
548	1	0	0
550	1	0	0
553	0	1	0
561	0	1	1
565	1	0	0
576	1	0	0
583	1	0	0
597	1	0	0
598	0	1	0
610	1	0	0
611	1	0	0
613	0	1	0
614	1	0	1
616	1	0	0
617	0	1	0
622	0	1	0
628	1	0	0
640	0	1	0
644	0	1	1
645	0	1	0
653	1	0	0
656	1	0	0
663	0	1	1
665	1	0	0
667	1	0	0
668	0	1	0
670	1	0	0
676	1	0	0
679	0	1	1
680	0	1	0
682	1	1	1
693	1	0	0
696	1	1	0
697	1	0	0
704	1	0	0
711	1	0	0
713	0	1	0
720	1	0	0
727	1	0	0
736	1	0	0
739	1	0	0
751	1	0	0
758	1	0	0
760	0	1	0
761	1	0	0
762	1	0	0
766	1	0	0
768	1	0	0
771	1	0	0
772	3	0	0
774	2	0	0
775	1	0	0
776	0	1	0
777	1	1	0
789	0	1	0
792	1	0	0
804	1	0	0
809	1	0	0
814	1	0	0
818	0	1	0
826	0	1	1
835	1	0	0
838	1	0	0
844	1	0	0
846	1	0	0
849	1	0	0
857	1	0	0
858	1	1	1
863	1	0	0
864	1	0	0
867	1	1	0
879	1	0	0
892	1	0	0
898	1	0	0
903	0	1	0
905	1	0	0
912	1	0	0
916	0	1	1
935	1	0	0
940	1	0	0
956	0	1	0
957	1	0	0
972	1	0	0
996	0	1	0
998	1	0	0
1010	1	0	0
1011	1	0	0
1023	1	1	0
1024	1	0	0
1030	1	0	0
1042	1	0	0
1043	1	0	0
1053	0	1	0
1056	1	0	0
1063	0	1	0
1066	1	0	0
1073	1	0	0
1074	0	1	1
1076	1	0	0
1077	1	0	0
1082	1	0	0
1084	1	0	0
1096	1	0	0
1101	1	1	0
1103	1	0	0
1109	1	0	0
1113	0	1	0
1116	1	0	0
1125	1	0	0
1127	1	0	0
1128	1	0	0
1142	1	0	0
1153	1	0	0
1164	1	0	0
1170	1	0	0
1173	1	0	0
1175	1	0	0
1179	1	0	0
1188	1	0	0
1215	1	0	0
1219	1	0	0
1288	1	0	0
1300	1	0	0
1339	1	0	0
1354	0	1	0
1420	1	0	0
1440	1	0	0
1443	1	0	0
1499	1	0	0
1500	1	0	0
1501	0	1	0
1533	0	1	0
1549	1	0	0
1589	1	0	0
1596	1	0	0
1597	0	1	0
1599	1	0	0
1609	1	0	0
1637	1	0	0
1638	1	0	0
1639	1	0	0
1644	1	0	0
1673	1	0	0
1699	0	1	0
1741	1	0	0
1743	1	0	0
1748	1	0	0
1786	1	0	0
1829	1	0	0
1847	1	0	0
1874	1	0	0
1916	1	0	0
1937	1	0	0
2007	1	0	0
2049	0	0	1
2057	1	0	0
2097	1	0	0
2145	1	0	0
2174	0	1	0
2179	1	0	0
2189	1	0	0
2204	1	0	0
2223	1	0	0
2300	1	0	0
2336	1	0	0
2371	1	0	0
2435	0	1	1
2445	1	0	0
2446	1	0	0
2496	1	0	0
2574	1	0	0
2723	1	0	0
2741	1	0	0
2866	1	0	0
2921	1	0	0
2947	1	0	0
2971	1	0	0
2972	0	1	0
3147	1	0	0
3288	1	0	0
3314	1	0	0
3451	1	0	0
3489	1	0	0
3553	0	1	0
3724	1	0	0
3818	1	0	0
3923	1	0	0
4157	1	0	0
4186	1	0	0
4325	0	1	1
4468	1	0	0
4692	1	0	0
5656	1	0	0
5705	1	0	0
5843	1	0	0
5854	1	0	0
6184	1	0	0
7179	1	0	0
7512	1	0	0
9428	1	0	0
11903	1	0	0
16436	1	0	0
16620	1	0	0
18168	1	0	0
19722	1	0	0
21281	1	0	0
22906	1	0	0
34631	1	0	0
36280	0	1	0
36281	1	0	0
45882	1	0	0
